level,region,file,expected_name,width,height,margin_left,margin_top,margin_right,margin_bottom,touches_edge,opaque_ratio
1,1_smesh_les,1.webp,True,432,478,9,0,0,0,"top,right,bottom",0.22783
1,1_smesh_les,11.webp,True,150,150,3,3,3,3,,0.62907
1,1_smesh_les,2.webp,True,483,426,0,0,0,0,"left,top,right,bottom",0.36693
1,1_smesh_les,22.webp,True,150,150,5,6,6,5,,0.60338
1,1_smesh_les,3.webp,True,484,436,5,3,0,0,"right,bottom",0.54387
1,1_smesh_les,33.webp,True,150,150,5,6,5,5,,0.60316
1,1_smesh_les,4.webp,True,473,488,0,9,0,0,"left,right,bottom",0.33788
1,1_smesh_les,44.webp,True,150,150,3,3,3,3,,0.62889
1,1_smesh_les,5.webp,True,508,512,16,16,17,17,,0.66418
1,1_smesh_les,55.webp,True,150,150,3,3,4,3,,0.68369
2,1_smesh_les,1.webp,True,512,473,17,17,17,17,,0.54229
2,1_smesh_les,11.webp,True,150,150,4,3,4,3,,0.61289
2,1_smesh_les,2.webp,True,512,408,17,17,17,17,,0.62477
2,1_smesh_les,22.webp,True,150,150,4,3,4,3,,0.61240
2,1_smesh_les,3.webp,True,376,512,16,17,17,17,,0.31917
2,1_smesh_les,33.webp,True,150,150,4,3,5,3,,0.60876
2,1_smesh_les,4.webp,True,344,512,16,16,17,16,,0.10507
2,1_smesh_les,44.webp,True,150,150,4,3,4,3,,0.61258
2,1_smesh_les,5.webp,True,489,512,17,17,17,17,,0.29986
2,1_smesh_les,55.webp,True,150,150,4,3,4,3,,0.61333
3,1_smesh_les,1.webp,True,484,406,8,8,0,18,right,0.51134
3,1_smesh_les,11.webp,True,150,150,5,6,5,6,,0.53067
3,1_smesh_les,2.webp,True,475,452,8,2,7,1,bottom,0.49184
3,1_smesh_les,22.webp,True,150,150,5,6,5,6,,0.55724
3,1_smesh_les,3.webp,True,471,408,14,5,14,23,,0.49514
3,1_smesh_les,33.webp,True,150,150,5,6,5,6,,0.55724
3,1_smesh_les,4.webp,True,484,470,5,7,3,7,,0.40271
3,1_smesh_les,44.webp,True,150,150,5,6,5,6,,0.52902
3,1_smesh_les,5.webp,True,512,347,14,14,14,14,,0.46334
3,1_smesh_les,55.webp,True,150,150,3,3,3,4,,0.60364
4,1_smesh_les,1.webp,True,367,474,0,0,0,0,"left,top,right,bottom",0.53524
4,1_smesh_les,11.webp,True,150,150,3,3,3,3,,0.50609
4,1_smesh_les,2.webp,True,310,474,0,0,0,0,"left,top,right,bottom",0.59136
4,1_smesh_les,22.webp,True,150,150,3,3,3,3,,0.50596
4,1_smesh_les,3.webp,True,373,505,30,19,10,12,,0.41426
4,1_smesh_les,33.webp,True,150,150,3,3,3,3,,0.50987
4,1_smesh_les,4.webp,True,424,485,18,7,21,4,,0.39216
4,1_smesh_les,44.webp,True,150,150,3,3,3,3,,0.50578
4,1_smesh_les,5.webp,True,352,474,0,0,0,0,"left,top,right,bottom",0.51575
4,1_smesh_les,55.webp,True,150,150,3,3,3,3,,0.50578
5,1_smesh_les,1.webp,True,482,481,0,0,0,0,"left,top,right,bottom",0.36010
5,1_smesh_les,11.webp,True,150,150,3,3,3,4,,0.64151
5,1_smesh_les,2.webp,True,484,421,0,0,0,0,"left,top,right,bottom",0.43802
5,1_smesh_les,22.webp,True,150,150,3,4,3,5,,0.57809
5,1_smesh_les,3.webp,True,482,413,0,0,0,0,"left,top,right,bottom",0.53685
5,1_smesh_les,33.webp,True,150,150,3,3,3,4,,0.60364
5,1_smesh_les,4.webp,True,483,366,0,0,0,0,"left,top,right,bottom",0.48907
5,1_smesh_les,44.webp,True,150,150,3,4,3,4,,0.59044
5,1_smesh_les,5.webp,True,447,472,13,0,11,0,"top,bottom",0.51716
5,1_smesh_les,55.webp,True,150,150,3,3,3,4,,0.64151
6,1_smesh_les,1.webp,True,512,512,37,19,38,19,,0.42152
6,1_smesh_les,11.webp,True,150,150,5,5,6,5,,0.46769
6,1_smesh_les,2.webp,True,474,402,0,0,0,0,"left,top,right,bottom",0.36523
6,1_smesh_les,22.webp,True,150,150,5,5,6,5,,0.46524
6,1_smesh_les,3.webp,True,485,343,6,0,9,4,top,0.53212
6,1_smesh_les,33.webp,True,150,150,7,7,8,7,,0.48920
6,1_smesh_les,4.webp,True,449,337,4,3,8,1,bottom,0.54268
6,1_smesh_les,44.webp,True,150,150,7,7,8,7,,0.48960
6,1_smesh_les,5.webp,True,485,489,0,0,0,0,"left,top,right,bottom",0.50154
6,1_smesh_les,55.webp,True,150,150,5,5,6,5,,0.47027
7,1_smesh_les,1.webp,True,431,476,12,4,5,2,,0.38931
7,1_smesh_les,11.webp,True,150,150,7,7,8,7,,0.49000
7,1_smesh_les,2.webp,True,470,429,10,4,7,4,,0.15401
7,1_smesh_les,22.webp,True,150,150,7,7,8,7,,0.49262
7,1_smesh_les,3.webp,True,438,481,8,6,7,5,,0.62859
7,1_smesh_les,33.webp,True,150,150,7,7,8,7,,0.48916
7,1_smesh_les,4.webp,True,470,387,0,0,0,0,"left,top,right,bottom",0.44893
7,1_smesh_les,44.webp,True,150,150,7,7,8,7,,0.49240
7,1_smesh_les,5.webp,True,429,485,11,6,8,9,,0.42264
7,1_smesh_les,55.webp,True,150,150,7,7,8,7,,0.48991
8,1_smesh_les,1.webp,True,471,376,4,1,1,1,"top,right,bottom",0.57642
8,1_smesh_les,11.webp,True,150,150,5,5,6,5,,0.53458
8,1_smesh_les,2.webp,True,474,241,7,10,5,13,,0.51808
8,1_smesh_les,22.webp,True,150,150,5,5,6,5,,0.53458
8,1_smesh_les,3.webp,True,486,408,5,10,9,9,,0.68201
8,1_smesh_les,33.webp,True,150,150,5,5,6,5,,0.53458
8,1_smesh_les,4.webp,True,481,437,8,5,1,7,right,0.62273
8,1_smesh_les,44.webp,True,150,150,5,5,6,5,,0.53458
8,1_smesh_les,5.webp,True,403,396,2,1,0,1,"top,right,bottom",0.52755
8,1_smesh_les,55.webp,True,150,150,5,5,6,5,,0.53458
9,1_smesh_les,1.webp,True,415,465,4,4,3,0,bottom,0.31750
9,1_smesh_les,11.webp,True,150,150,5,5,6,5,,0.53458
9,1_smesh_les,2.webp,True,468,433,7,1,8,5,top,0.45074
9,1_smesh_les,22.webp,True,150,150,5,5,6,5,,0.53458
9,1_smesh_les,3.webp,True,459,461,0,6,3,3,left,0.41638
9,1_smesh_les,33.webp,True,150,150,5,5,6,5,,0.53458
9,1_smesh_les,4.webp,True,451,442,0,4,1,12,"left,right",0.28321
9,1_smesh_les,44.webp,True,150,150,5,5,6,5,,0.53458
9,1_smesh_les,5.webp,True,412,459,8,3,10,5,,0.38133
9,1_smesh_les,55.webp,True,150,150,5,5,6,5,,0.53458
10,1_smesh_les,1.webp,True,477,364,4,6,2,14,,0.40807
10,1_smesh_les,11.webp,True,150,150,7,7,8,7,,0.48987
10,1_smesh_les,2.webp,True,430,481,13,4,3,7,,0.47988
10,1_smesh_les,22.webp,True,150,150,7,7,8,7,,0.48982
10,1_smesh_les,3.webp,True,474,332,1,35,2,10,left,0.46656
10,1_smesh_les,33.webp,True,150,150,7,7,8,7,,0.48947
10,1_smesh_les,4.webp,True,512,512,21,32,21,33,,0.27850
10,1_smesh_les,44.webp,True,150,150,7,7,8,7,,0.49133
10,1_smesh_les,5.webp,True,418,470,0,0,0,0,"left,top,right,bottom",0.52094
10,1_smesh_les,55.webp,True,150,150,7,7,8,7,,0.49120
11,1_smesh_les,1.webp,True,405,479,3,0,0,4,"top,right",0.48276
11,1_smesh_les,11.webp,True,150,150,7,7,8,7,,0.50947
11,1_smesh_les,2.webp,True,449,487,21,8,18,5,,0.41514
11,1_smesh_les,22.webp,True,150,150,7,7,8,7,,0.50929
11,1_smesh_les,3.webp,True,332,485,23,6,12,3,,0.46273
11,1_smesh_les,33.webp,True,150,150,7,7,8,7,,0.50693
11,1_smesh_les,4.webp,True,467,474,0,0,0,0,"left,top,right,bottom",0.39516
11,1_smesh_les,44.webp,True,150,150,7,7,8,7,,0.51004
11,1_smesh_les,5.webp,True,441,488,5,8,8,6,,0.38263
11,1_smesh_les,55.webp,True,150,150,7,7,8,7,,0.51058
12,1_smesh_les,1.webp,True,383,481,0,8,7,4,left,0.40989
12,1_smesh_les,11.webp,True,150,150,5,5,6,5,,0.53458
12,1_smesh_les,2.webp,True,399,477,9,11,14,12,,0.42848
12,1_smesh_les,22.webp,True,150,150,5,5,6,5,,0.53458
12,1_smesh_les,3.webp,True,365,481,11,7,7,10,,0.43114
12,1_smesh_les,33.webp,True,150,150,5,5,6,5,,0.53458
12,1_smesh_les,4.webp,True,465,464,22,2,4,2,,0.40410
12,1_smesh_les,44.webp,True,150,150,5,5,6,5,,0.53458
12,1_smesh_les,5.webp,True,404,482,10,13,3,4,,0.55045
12,1_smesh_les,55.webp,True,150,150,5,5,6,5,,0.53458
13,1_smesh_les,1.webp,True,452,427,0,0,0,0,"left,top,right,bottom",0.42184
13,1_smesh_les,11.webp,True,150,150,5,5,6,5,,0.53458
13,1_smesh_les,2.webp,True,464,471,3,0,8,2,top,0.51058
13,1_smesh_les,22.webp,True,150,150,5,5,6,5,,0.53458
13,1_smesh_les,3.webp,True,451,452,1,0,1,0,"left,top,right,bottom",0.31873
13,1_smesh_les,33.webp,True,150,150,5,5,6,5,,0.53458
13,1_smesh_les,4.webp,True,467,372,0,6,0,1,"left,right,bottom",0.37613
13,1_smesh_les,44.webp,True,150,150,5,5,6,5,,0.53458
13,1_smesh_les,5.webp,True,471,473,0,0,0,0,"left,top,right,bottom",0.51959
13,1_smesh_les,55.webp,True,150,150,5,5,6,5,,0.53458
14,1_smesh_les,1.webp,True,457,473,1,7,4,1,"left,bottom",0.49265
14,1_smesh_les,11.webp,True,150,150,5,5,6,5,,0.53458
14,1_smesh_les,2.webp,True,466,355,0,10,2,4,left,0.50186
14,1_smesh_les,22.webp,True,150,150,5,5,6,5,,0.53458
14,1_smesh_les,3.webp,True,480,424,0,10,9,13,left,0.48603
14,1_smesh_les,33.webp,True,150,150,5,5,6,5,,0.53458
14,1_smesh_les,4.webp,True,370,475,2,9,6,0,bottom,0.51125
14,1_smesh_les,44.webp,True,150,150,5,5,6,5,,0.53458
14,1_smesh_les,5.webp,True,440,462,9,1,12,1,"top,bottom",0.43253
14,1_smesh_les,55.webp,True,150,150,5,5,6,5,,0.53458
15,1_smesh_les,1.webp,True,500,579,0,0,3,2,"left,top",0.55596
15,1_smesh_les,11.webp,True,150,150,0,0,0,0,"left,top,right,bottom",0.77724
15,1_smesh_les,2.webp,True,506,512,16,19,17,16,,0.37346
15,1_smesh_les,22.webp,True,150,150,5,3,5,3,,0.60498
15,1_smesh_les,3.webp,True,508,512,16,17,17,17,,0.26200
15,1_smesh_les,33.webp,True,150,150,5,3,5,3,,0.60604
15,1_smesh_les,4.webp,True,420,512,16,17,17,16,,0.26579
15,1_smesh_les,44.webp,True,150,150,5,3,5,3,,0.60533
15,1_smesh_les,5.webp,True,500,433,10,0,11,7,top,0.30210
15,1_smesh_les,55.webp,True,150,150,5,3,5,3,,0.60458
16,2_zolot_polya,1.webp,True,400,489,11,5,16,10,,0.36052
16,2_zolot_polya,11.webp,True,150,150,4,3,4,3,,0.63156
16,2_zolot_polya,2.webp,True,467,474,0,0,0,0,"left,top,right,bottom",0.49695
16,2_zolot_polya,22.webp,True,150,150,4,3,4,3,,0.63156
16,2_zolot_polya,3.webp,True,479,477,0,0,5,6,"left,top",0.39482
16,2_zolot_polya,33.webp,True,150,150,4,3,4,3,,0.63156
16,2_zolot_polya,4.webp,True,376,482,17,6,0,2,right,0.45477
16,2_zolot_polya,44.webp,True,150,150,4,3,4,3,,0.63156
16,2_zolot_polya,5.webp,True,493,367,12,11,7,6,,0.39880
16,2_zolot_polya,55.webp,True,150,150,4,3,4,3,,0.63156
17,2_zolot_polya,1.webp,True,454,474,0,0,0,0,"left,top,right,bottom",0.46271
17,2_zolot_polya,11.webp,True,150,150,4,3,4,3,,0.63164
17,2_zolot_polya,2.webp,True,480,409,2,0,4,20,top,0.44096
17,2_zolot_polya,22.webp,True,150,150,4,3,4,3,,0.63156
17,2_zolot_polya,3.webp,True,468,475,0,0,0,6,"left,top,right",0.52688
17,2_zolot_polya,33.webp,True,150,150,4,3,4,3,,0.63156
17,2_zolot_polya,4.webp,True,512,512,33,19,34,19,,0.31697
17,2_zolot_polya,44.webp,True,150,150,4,3,4,3,,0.63173
17,2_zolot_polya,5.webp,True,442,489,8,3,11,12,,0.37057
17,2_zolot_polya,55.webp,True,150,150,4,3,4,3,,0.63156
18,2_zolot_polya,1.webp,True,512,512,19,28,19,28,,0.19570
18,2_zolot_polya,11.webp,True,150,150,4,3,4,3,,0.63244
18,2_zolot_polya,2.webp,True,210,489,11,5,37,10,,0.13694
18,2_zolot_polya,22.webp,True,150,150,4,3,4,3,,0.63156
18,2_zolot_polya,3.webp,True,512,512,50,19,51,19,,0.12332
18,2_zolot_polya,33.webp,True,150,150,4,3,4,3,,0.63156
18,2_zolot_polya,4.webp,True,512,512,19,33,19,33,,0.43943
18,2_zolot_polya,44.webp,True,150,150,4,3,4,3,,0.63156
18,2_zolot_polya,5.webp,True,493,358,11,9,8,14,,0.55232
18,2_zolot_polya,55.webp,True,150,150,4,3,4,3,,0.63156
19,2_zolot_polya,1.webp,True,485,367,7,13,4,3,,0.54306
19,2_zolot_polya,11.webp,True,150,150,4,3,4,3,,0.63156
19,2_zolot_polya,2.webp,True,501,426,8,18,19,7,,0.39576
19,2_zolot_polya,22.webp,True,150,150,4,3,4,3,,0.63156
19,2_zolot_polya,3.webp,True,485,396,4,11,7,10,,0.43116
19,2_zolot_polya,33.webp,True,150,150,4,3,4,3,,0.63156
19,2_zolot_polya,4.webp,True,474,502,0,0,0,8,"left,top,right",0.36694
19,2_zolot_polya,44.webp,True,150,150,4,3,4,3,,0.63196
19,2_zolot_polya,5.webp,True,512,512,19,34,19,35,,0.50058
19,2_zolot_polya,55.webp,True,150,150,4,3,4,3,,0.63156
20,2_zolot_polya,1.webp,True,512,512,46,19,46,19,,0.39743
20,2_zolot_polya,11.webp,True,150,150,4,3,4,3,,0.63156
20,2_zolot_polya,2.webp,True,512,512,22,19,22,19,,0.48011
20,2_zolot_polya,22.webp,True,150,150,4,3,4,3,,0.63156
20,2_zolot_polya,3.webp,True,432,476,14,10,12,7,,0.37297
20,2_zolot_polya,33.webp,True,150,150,4,3,4,3,,0.63156
20,2_zolot_polya,4.webp,True,474,439,0,8,0,0,"left,right,bottom",0.60871
20,2_zolot_polya,44.webp,True,150,150,4,3,4,3,,0.63156
20,2_zolot_polya,5.webp,True,408,478,0,0,5,8,"left,top",0.44264
20,2_zolot_polya,55.webp,True,150,150,4,3,4,3,,0.63156
21,2_zolot_polya,1.webp,True,449,481,10,5,8,2,,0.32314
21,2_zolot_polya,11.webp,True,150,150,4,3,4,3,,0.63156
21,2_zolot_polya,2.webp,True,504,467,14,14,16,5,,0.26885
21,2_zolot_polya,22.webp,True,150,150,4,3,4,3,,0.63164
21,2_zolot_polya,3.webp,True,479,414,5,13,0,11,right,0.57756
21,2_zolot_polya,33.webp,True,150,150,4,3,4,3,,0.63156
21,2_zolot_polya,4.webp,True,454,481,4,1,2,6,top,0.50923
21,2_zolot_polya,44.webp,True,150,150,4,3,4,3,,0.63156
21,2_zolot_polya,5.webp,True,445,485,11,4,20,7,,0.31657
21,2_zolot_polya,55.webp,True,150,150,4,3,4,3,,0.63182
22,2_zolot_polya,1.webp,True,492,408,11,36,7,18,,0.44840
22,2_zolot_polya,11.webp,True,150,150,4,3,4,3,,0.63156
22,2_zolot_polya,2.webp,True,506,435,19,21,13,8,,0.32016
22,2_zolot_polya,22.webp,True,150,150,4,3,4,3,,0.63169
22,2_zolot_polya,3.webp,True,498,460,17,8,7,13,,0.44629
22,2_zolot_polya,33.webp,True,150,150,4,3,4,3,,0.63164
22,2_zolot_polya,4.webp,True,417,479,17,1,30,4,top,0.36396
22,2_zolot_polya,44.webp,True,150,150,4,3,4,3,,0.63156
22,2_zolot_polya,5.webp,True,465,492,14,5,23,13,,0.42662
22,2_zolot_polya,55.webp,True,150,150,4,3,4,3,,0.63182
23,2_zolot_polya,1.webp,True,447,490,11,12,20,4,,0.18295
23,2_zolot_polya,11.webp,True,150,150,4,3,4,3,,0.63182
23,2_zolot_polya,2.webp,True,512,512,33,19,34,19,,0.53547
23,2_zolot_polya,22.webp,True,150,150,4,3,4,3,,0.63156
23,2_zolot_polya,3.webp,True,512,512,33,19,34,19,,0.34970
23,2_zolot_polya,33.webp,True,150,150,4,3,4,3,,0.63222
23,2_zolot_polya,4.webp,True,426,479,1,5,28,0,"left,bottom",0.41669
23,2_zolot_polya,44.webp,True,150,150,4,3,4,3,,0.63156
23,2_zolot_polya,5.webp,True,380,474,0,0,0,0,"left,top,right,bottom",0.42443
23,2_zolot_polya,55.webp,True,150,150,4,3,4,3,,0.63156
24,2_zolot_polya,1.webp,True,449,492,9,10,12,8,,0.48967
24,2_zolot_polya,11.webp,True,150,150,4,3,4,3,,0.63156
24,2_zolot_polya,2.webp,True,512,512,32,19,32,19,,0.60995
24,2_zolot_polya,22.webp,True,150,150,4,3,4,3,,0.63156
24,2_zolot_polya,3.webp,True,512,512,46,19,47,19,,0.34172
24,2_zolot_polya,33.webp,True,150,150,4,3,4,3,,0.63156
24,2_zolot_polya,4.webp,True,512,512,26,19,27,19,,0.18896
24,2_zolot_polya,44.webp,True,150,150,4,3,4,3,,0.63240
24,2_zolot_polya,5.webp,True,432,482,18,1,19,7,top,0.41677
24,2_zolot_polya,55.webp,True,150,150,4,3,4,3,,0.63156
25,2_zolot_polya,1.webp,True,320,491,26,1,28,11,top,0.35502
25,2_zolot_polya,11.webp,True,150,150,4,3,4,3,,0.63156
25,2_zolot_polya,2.webp,True,357,484,8,5,0,12,right,0.32653
25,2_zolot_polya,22.webp,True,150,150,4,3,4,3,,0.63156
25,2_zolot_polya,3.webp,True,418,472,11,10,5,5,,0.33140
25,2_zolot_polya,33.webp,True,150,150,4,3,4,3,,0.63156
25,2_zolot_polya,4.webp,True,341,489,0,21,0,1,"left,right,bottom",0.35926
25,2_zolot_polya,44.webp,True,150,150,4,3,4,3,,0.63156
25,2_zolot_polya,5.webp,True,1078,1127,0,0,0,0,"left,top,right,bottom",0.38511
25,2_zolot_polya,55.webp,True,200,200,5,4,5,4,,0.62920
26,3_plod_zemli,1.webp,True,472,438,6,9,10,14,,0.52470
26,3_plod_zemli,11.webp,True,150,150,3,3,3,3,,0.66333
26,3_plod_zemli,2.webp,True,428,391,0,9,0,0,"left,right,bottom",0.52583
26,3_plod_zemli,22.webp,True,150,150,3,3,3,3,,0.66333
26,3_plod_zemli,3.webp,True,472,472,0,0,0,0,"left,top,right,bottom",0.30377
26,3_plod_zemli,33.webp,True,150,150,3,3,3,3,,0.66333
26,3_plod_zemli,4.webp,True,472,432,0,0,0,0,"left,top,right,bottom",0.00779
26,3_plod_zemli,44.webp,True,150,150,3,3,3,3,,0.66333
26,3_plod_zemli,5.webp,True,410,437,0,3,2,0,"left,bottom",0.58490
26,3_plod_zemli,55.webp,True,150,150,3,3,3,3,,0.66333
27,3_plod_zemli,1.webp,True,348,468,7,8,11,7,,0.40927
27,3_plod_zemli,11.webp,True,150,150,3,3,3,3,,0.66333
27,3_plod_zemli,2.webp,True,452,411,0,0,0,2,"left,top,right",0.70996
27,3_plod_zemli,22.webp,True,150,150,3,3,3,3,,0.66333
27,3_plod_zemli,3.webp,True,462,422,0,0,0,0,"left,top,right,bottom",0.71958
27,3_plod_zemli,33.webp,True,150,150,3,3,3,3,,0.66333
27,3_plod_zemli,4.webp,True,381,468,6,8,0,0,"right,bottom",0.25001
27,3_plod_zemli,44.webp,True,150,150,3,3,3,3,,0.66333
27,3_plod_zemli,5.webp,True,458,364,1,0,0,1,"left,top,right,bottom",0.63879
27,3_plod_zemli,55.webp,True,150,150,3,3,3,3,,0.66333
28,3_plod_zemli,1.webp,True,423,440,0,0,0,0,"left,top,right,bottom",0.45001
28,3_plod_zemli,11.webp,True,150,150,3,3,3,3,,0.66333
28,3_plod_zemli,2.webp,True,457,440,0,0,0,2,"left,top,right",0.40913
28,3_plod_zemli,22.webp,True,150,150,3,3,3,3,,0.66333
28,3_plod_zemli,3.webp,True,426,397,0,0,0,3,"left,top,right",0.45800
28,3_plod_zemli,33.webp,True,150,150,3,3,3,3,,0.66333
28,3_plod_zemli,4.webp,True,460,430,2,0,0,0,"top,right,bottom",0.55093
28,3_plod_zemli,44.webp,True,150,150,3,3,3,3,,0.66333
28,3_plod_zemli,5.webp,True,452,367,2,0,0,0,"top,right,bottom",0.69488
28,3_plod_zemli,55.webp,True,150,150,3,3,3,3,,0.66333
29,3_plod_zemli,1.webp,True,342,456,9,0,9,1,"top,bottom",0.46848
29,3_plod_zemli,11.webp,True,150,150,3,3,3,3,,0.66333
29,3_plod_zemli,2.webp,True,376,409,1,0,3,5,"left,top",0.58984
29,3_plod_zemli,22.webp,True,150,150,3,3,3,3,,0.66333
29,3_plod_zemli,3.webp,True,380,428,0,0,0,0,"left,top,right,bottom",0.48867
29,3_plod_zemli,33.webp,True,150,150,3,3,3,3,,0.66333
29,3_plod_zemli,4.webp,True,386,456,4,0,0,1,"top,right,bottom",0.70267
29,3_plod_zemli,44.webp,True,150,150,3,3,3,3,,0.66333
29,3_plod_zemli,5.webp,True,384,464,1,0,0,1,"left,top,right,bottom",0.56678
29,3_plod_zemli,55.webp,True,150,150,3,3,3,3,,0.66333
30,3_plod_zemli,1.webp,True,412,452,0,0,0,0,"left,top,right,bottom",0.74330
30,3_plod_zemli,11.webp,True,150,150,3,3,3,3,,0.66333
30,3_plod_zemli,2.webp,True,441,472,0,0,0,0,"left,top,right,bottom",0.70158
30,3_plod_zemli,22.webp,True,150,150,3,3,3,3,,0.66333
30,3_plod_zemli,3.webp,True,445,472,0,0,0,0,"left,top,right,bottom",0.74152
30,3_plod_zemli,33.webp,True,150,150,3,3,3,3,,0.66333
30,3_plod_zemli,4.webp,True,425,472,0,0,0,0,"left,top,right,bottom",0.70933
30,3_plod_zemli,44.webp,True,150,150,3,3,3,3,,0.66333
30,3_plod_zemli,5.webp,True,435,472,0,0,0,0,"left,top,right,bottom",0.73096
30,3_plod_zemli,55.webp,True,150,150,3,3,3,3,,0.66333
31,4_rech_ozer,1.webp,True,322,460,0,0,0,0,"left,top,right,bottom",0.30816
31,4_rech_ozer,11.webp,True,150,149,0,0,0,0,"left,top,right,bottom",0.68242
31,4_rech_ozer,2.webp,True,455,389,0,0,0,0,"left,top,right,bottom",0.21827
31,4_rech_ozer,22.webp,True,150,149,0,0,0,0,"left,top,right,bottom",0.68242
31,4_rech_ozer,3.webp,True,469,385,0,0,0,0,"left,top,right,bottom",0.49003
31,4_rech_ozer,33.webp,True,150,149,0,0,0,0,"left,top,right,bottom",0.68242
31,4_rech_ozer,4.webp,True,400,434,0,0,0,0,"left,top,right,bottom",0.32692
31,4_rech_ozer,44.webp,True,150,149,0,0,0,0,"left,top,right,bottom",0.68242
31,4_rech_ozer,5.webp,True,438,456,0,0,0,0,"left,top,right,bottom",0.32164
31,4_rech_ozer,55 копия.webp,False,150,149,0,0,0,0,"left,top,right,bottom",0.68242
31,4_rech_ozer,55.webp,True,150,149,0,0,0,0,"left,top,right,bottom",0.68242
32,4_rech_ozer,1.webp,True,311,453,0,0,0,0,"left,top,right,bottom",0.64037
32,4_rech_ozer,11.webp,True,150,149,0,0,0,0,"left,top,right,bottom",0.68242
32,4_rech_ozer,2.webp,True,470,371,0,0,0,0,"left,top,right,bottom",0.40986
32,4_rech_ozer,22.webp,True,150,149,0,0,0,0,"left,top,right,bottom",0.68242
32,4_rech_ozer,3.webp,True,463,225,0,0,0,0,"left,top,right,bottom",0.46296
32,4_rech_ozer,33.webp,True,150,149,0,0,0,0,"left,top,right,bottom",0.68242
32,4_rech_ozer,4.webp,True,469,407,0,0,0,0,"left,top,right,bottom",0.41745
32,4_rech_ozer,44.webp,True,150,149,0,0,0,0,"left,top,right,bottom",0.68242
32,4_rech_ozer,5.webp,True,470,472,0,0,0,0,"left,top,right,bottom",0.46859
32,4_rech_ozer,55.webp,True,150,149,0,0,0,0,"left,top,right,bottom",0.68242
33,4_rech_ozer,1.webp,True,459,472,0,0,0,0,"left,top,right,bottom",0.27562
33,4_rech_ozer,11.webp,True,150,149,0,0,0,0,"left,top,right,bottom",0.68242
33,4_rech_ozer,2.webp,True,420,472,0,0,0,0,"left,top,right,bottom",0.33153
33,4_rech_ozer,22.webp,True,150,149,0,0,0,0,"left,top,right,bottom",0.68242
33,4_rech_ozer,3.webp,True,472,458,0,0,0,0,"left,top,right,bottom",0.29512
33,4_rech_ozer,33.webp,True,150,149,0,0,0,0,"left,top,right,bottom",0.68242
33,4_rech_ozer,4.webp,True,472,452,0,0,0,0,"left,top,right,bottom",0.42992
33,4_rech_ozer,44.webp,True,150,149,0,0,0,0,"left,top,right,bottom",0.68242
33,4_rech_ozer,5.webp,True,472,466,0,0,0,0,"left,top,right,bottom",0.47843
33,4_rech_ozer,55.webp,True,150,149,0,0,0,0,"left,top,right,bottom",0.68242
34,4_rech_ozer,1.webp,True,461,472,0,0,0,0,"left,top,right,bottom",0.37373
34,4_rech_ozer,11.webp,True,150,149,0,0,0,0,"left,top,right,bottom",0.68242
34,4_rech_ozer,2.webp,True,472,471,0,0,0,0,"left,top,right,bottom",0.27979
34,4_rech_ozer,22.webp,True,150,149,0,0,0,0,"left,top,right,bottom",0.68242
34,4_rech_ozer,3.webp,True,472,472,0,0,0,0,"left,top,right,bottom",0.48221
34,4_rech_ozer,33.webp,True,150,149,0,0,0,0,"left,top,right,bottom",0.68242
34,4_rech_ozer,4.webp,True,466,472,0,0,0,0,"left,top,right,bottom",0.37446
34,4_rech_ozer,44.webp,True,150,149,0,0,0,0,"left,top,right,bottom",0.68242
34,4_rech_ozer,5.webp,True,472,472,0,0,0,0,"left,top,right,bottom",0.47854
34,4_rech_ozer,55.webp,True,150,149,0,0,0,0,"left,top,right,bottom",0.68242
35,4_rech_ozer,1.webp,True,472,472,0,0,0,0,"left,top,right,bottom",0.34172
35,4_rech_ozer,11.webp,True,150,149,0,0,0,0,"left,top,right,bottom",0.68242
35,4_rech_ozer,2.webp,True,467,472,0,0,0,0,"left,top,right,bottom",0.30670
35,4_rech_ozer,22.webp,True,150,149,0,0,0,0,"left,top,right,bottom",0.68242
35,4_rech_ozer,3.webp,True,472,458,0,0,0,0,"left,top,right,bottom",0.38954
35,4_rech_ozer,33.webp,True,150,149,0,0,0,0,"left,top,right,bottom",0.68242
35,4_rech_ozer,4.webp,True,440,472,0,0,0,0,"left,top,right,bottom",0.31692
35,4_rech_ozer,44.webp,True,150,149,0,0,0,0,"left,top,right,bottom",0.68242
35,4_rech_ozer,5.webp,True,472,458,0,0,0,0,"left,top,right,bottom",0.34028
35,4_rech_ozer,55.webp,True,150,149,0,0,0,0,"left,top,right,bottom",0.68242
36,4_rech_ozer,1.webp,True,472,422,0,0,0,0,"left,top,right,bottom",0.21388
36,4_rech_ozer,11.webp,True,150,149,0,0,0,0,"left,top,right,bottom",0.68242
36,4_rech_ozer,2.webp,True,472,446,0,0,0,0,"left,top,right,bottom",0.37785
36,4_rech_ozer,22.webp,True,150,149,0,0,0,0,"left,top,right,bottom",0.68242
36,4_rech_ozer,3.webp,True,472,456,0,0,0,0,"left,top,right,bottom",0.28094
36,4_rech_ozer,33.webp,True,150,149,0,0,0,0,"left,top,right,bottom",0.68242
36,4_rech_ozer,4.webp,True,470,472,0,0,0,0,"left,top,right,bottom",0.55643
36,4_rech_ozer,44.webp,True,150,149,0,0,0,0,"left,top,right,bottom",0.68242
36,4_rech_ozer,5.webp,True,472,457,0,0,0,0,"left,top,right,bottom",0.35073
36,4_rech_ozer,55.webp,True,150,149,0,0,0,0,"left,top,right,bottom",0.68242
37,4_rech_ozer,1.webp,True,472,441,0,0,0,0,"left,top,right,bottom",0.36586
37,4_rech_ozer,11.webp,True,150,149,0,0,0,0,"left,top,right,bottom",0.68242
37,4_rech_ozer,2.webp,True,472,448,0,0,0,0,"left,top,right,bottom",0.19372
37,4_rech_ozer,22.webp,True,150,149,0,0,0,0,"left,top,right,bottom",0.68242
37,4_rech_ozer,3.webp,True,472,472,0,0,0,0,"left,top,right,bottom",0.38659
37,4_rech_ozer,33.webp,True,150,149,0,0,0,0,"left,top,right,bottom",0.68242
37,4_rech_ozer,4.webp,True,472,457,0,0,0,0,"left,top,right,bottom",0.33264
37,4_rech_ozer,44.webp,True,150,149,0,0,0,0,"left,top,right,bottom",0.68242
37,4_rech_ozer,5.webp,True,436,472,0,0,0,0,"left,top,right,bottom",0.38136
37,4_rech_ozer,55.webp,True,150,149,0,0,0,0,"left,top,right,bottom",0.68242
38,4_rech_ozer,1.webp,True,472,472,0,0,0,0,"left,top,right,bottom",0.39034
38,4_rech_ozer,11.webp,True,150,149,0,0,0,0,"left,top,right,bottom",0.68242
38,4_rech_ozer,2.webp,True,472,470,0,0,0,0,"left,top,right,bottom",0.31212
38,4_rech_ozer,22.webp,True,150,149,0,0,0,0,"left,top,right,bottom",0.68242
38,4_rech_ozer,3.webp,True,472,452,0,0,0,0,"left,top,right,bottom",0.32954
38,4_rech_ozer,33.webp,True,150,149,0,0,0,0,"left,top,right,bottom",0.68242
38,4_rech_ozer,4.webp,True,472,399,0,0,0,0,"left,top,right,bottom",0.46700
38,4_rech_ozer,44.webp,True,150,149,0,0,0,0,"left,top,right,bottom",0.68242
38,4_rech_ozer,5.webp,True,472,472,0,0,0,0,"left,top,right,bottom",0.46107
38,4_rech_ozer,55.webp,True,150,149,0,0,0,0,"left,top,right,bottom",0.68242
39,4_rech_ozer,1.webp,True,442,472,0,0,0,0,"left,top,right,bottom",0.30699
39,4_rech_ozer,11.webp,True,150,149,0,0,0,0,"left,top,right,bottom",0.68242
39,4_rech_ozer,2.webp,True,429,472,0,0,0,0,"left,top,right,bottom",0.39251
39,4_rech_ozer,22.webp,True,150,149,0,0,0,0,"left,top,right,bottom",0.68242
39,4_rech_ozer,3.webp,True,472,472,0,0,0,0,"left,top,right,bottom",0.39818
39,4_rech_ozer,33.webp,True,150,149,0,0,0,0,"left,top,right,bottom",0.68242
39,4_rech_ozer,4.webp,True,472,472,0,0,0,0,"left,top,right,bottom",0.39459
39,4_rech_ozer,44.webp,True,150,149,0,0,0,0,"left,top,right,bottom",0.68242
39,4_rech_ozer,5.webp,True,472,472,0,0,0,0,"left,top,right,bottom",0.43527
39,4_rech_ozer,55.webp,True,150,149,0,0,0,0,"left,top,right,bottom",0.68242
40,4_rech_ozer,1.webp,True,339,350,0,0,0,0,"left,top,right,bottom",0.61011
40,4_rech_ozer,11.webp,True,150,149,0,0,0,0,"left,top,right,bottom",0.68242
40,4_rech_ozer,2.webp,True,381,385,0,0,0,0,"left,top,right,bottom",0.57011
40,4_rech_ozer,22.webp,True,150,149,0,0,0,0,"left,top,right,bottom",0.68242
40,4_rech_ozer,3.webp,True,420,384,0,0,0,0,"left,top,right,bottom",0.57816
40,4_rech_ozer,33.webp,True,150,149,0,0,0,0,"left,top,right,bottom",0.68242
40,4_rech_ozer,4.webp,True,422,440,0,0,0,0,"left,top,right,bottom",0.63705
40,4_rech_ozer,44.webp,True,150,149,0,0,0,0,"left,top,right,bottom",0.68242
40,4_rech_ozer,5.webp,True,430,488,0,0,0,0,"left,top,right,bottom",0.56526
40,4_rech_ozer,55.webp,True,150,149,0,0,0,0,"left,top,right,bottom",0.68242
41,5_dom_dvor,1.webp,True,395,472,0,0,0,0,"left,top,right,bottom",0.44564
41,5_dom_dvor,11.webp,True,146,149,0,0,0,0,"left,top,right,bottom",0.55948
41,5_dom_dvor,2.webp,True,472,441,0,0,0,0,"left,top,right,bottom",0.44231
41,5_dom_dvor,22.webp,True,146,149,0,0,0,0,"left,top,right,bottom",0.55948
41,5_dom_dvor,3.webp,True,433,472,0,0,0,0,"left,top,right,bottom",0.26184
41,5_dom_dvor,33.webp,True,146,149,0,0,0,0,"left,top,right,bottom",0.55948
41,5_dom_dvor,4.webp,True,335,472,0,0,0,0,"left,top,right,bottom",0.66001
41,5_dom_dvor,44.webp,True,146,149,0,0,0,0,"left,top,right,bottom",0.55948
41,5_dom_dvor,5.webp,True,372,472,0,0,0,0,"left,top,right,bottom",0.52676
41,5_dom_dvor,55.webp,True,146,149,0,0,0,0,"left,top,right,bottom",0.55948
42,5_dom_dvor,1.webp,True,472,446,0,0,0,0,"left,top,right,bottom",0.53969
42,5_dom_dvor,11.webp,True,146,149,0,0,0,0,"left,top,right,bottom",0.55948
42,5_dom_dvor,2.webp,True,472,372,0,0,0,0,"left,top,right,bottom",0.51134
42,5_dom_dvor,22.webp,True,146,149,0,0,0,0,"left,top,right,bottom",0.55948
42,5_dom_dvor,3.webp,True,472,406,0,0,0,0,"left,top,right,bottom",0.48260
42,5_dom_dvor,33.webp,True,146,149,0,0,0,0,"left,top,right,bottom",0.55948
42,5_dom_dvor,4.webp,True,435,472,0,0,0,0,"left,top,right,bottom",0.49341
42,5_dom_dvor,44.webp,True,146,149,0,0,0,0,"left,top,right,bottom",0.55948
42,5_dom_dvor,5.webp,True,328,472,0,0,0,0,"left,top,right,bottom",0.63625
42,5_dom_dvor,55.webp,True,146,149,0,0,0,0,"left,top,right,bottom",0.55948
43,5_dom_dvor,1.webp,True,472,348,0,0,0,0,"left,top,right,bottom",0.47021
43,5_dom_dvor,11.webp,True,146,149,0,0,0,0,"left,top,right,bottom",0.55948
43,5_dom_dvor,2.webp,True,401,472,0,0,0,0,"left,top,right,bottom",0.14547
43,5_dom_dvor,22.webp,True,146,149,0,0,0,0,"left,top,right,bottom",0.55948
43,5_dom_dvor,3.webp,True,472,367,0,0,0,0,"left,top,right,bottom",0.53984
43,5_dom_dvor,33.webp,True,146,149,0,0,0,0,"left,top,right,bottom",0.55948
43,5_dom_dvor,4.webp,True,453,472,0,0,0,0,"left,top,right,bottom",0.58760
43,5_dom_dvor,44.webp,True,146,149,0,0,0,0,"left,top,right,bottom",0.55948
43,5_dom_dvor,5.webp,True,439,472,0,0,0,0,"left,top,right,bottom",0.57520
43,5_dom_dvor,55.webp,True,146,149,0,0,0,0,"left,top,right,bottom",0.55948
44,5_dom_dvor,1.webp,True,472,399,0,0,0,0,"left,top,right,bottom",0.42585
44,5_dom_dvor,11.webp,True,146,149,0,0,0,0,"left,top,right,bottom",0.55948
44,5_dom_dvor,2.webp,True,472,383,0,0,0,0,"left,top,right,bottom",0.48690
44,5_dom_dvor,22.webp,True,146,149,0,0,0,0,"left,top,right,bottom",0.55778
44,5_dom_dvor,3.webp,True,464,472,0,0,0,0,"left,top,right,bottom",0.61406
44,5_dom_dvor,33.webp,True,146,149,0,0,0,0,"left,top,right,bottom",0.55948
44,5_dom_dvor,4.webp,True,456,472,0,0,0,0,"left,top,right,bottom",0.58605
44,5_dom_dvor,44.webp,True,146,149,0,0,0,0,"left,top,right,bottom",0.55948
44,5_dom_dvor,5.webp,True,472,448,0,0,0,0,"left,top,right,bottom",0.41806
44,5_dom_dvor,55.webp,True,146,149,0,0,0,0,"left,top,right,bottom",0.55948
45,5_dom_dvor,1.webp,True,350,267,0,0,0,0,"left,top,right,bottom",0.52970
45,5_dom_dvor,11.webp,True,146,149,0,0,0,0,"left,top,right,bottom",0.55948
45,5_dom_dvor,2.webp,True,385,319,0,0,0,0,"left,top,right,bottom",0.64125
45,5_dom_dvor,22.webp,True,146,149,0,0,0,0,"left,top,right,bottom",0.55948
45,5_dom_dvor,3.webp,True,420,384,0,0,0,0,"left,top,right,bottom",0.72839
45,5_dom_dvor,33.webp,True,146,149,0,0,0,0,"left,top,right,bottom",0.55948
45,5_dom_dvor,4.webp,True,455,442,0,0,0,0,"left,top,right,bottom",0.67711
45,5_dom_dvor,44.webp,True,146,149,0,0,0,0,"left,top,right,bottom",0.55948
45,5_dom_dvor,5.webp,True,473,486,0,0,0,0,"left,top,right,bottom",0.67089
45,5_dom_dvor,55.webp,True,146,149,0,0,0,0,"left,top,right,bottom",0.55948
46,5_dom_dvor,1.webp,True,472,447,0,0,0,0,"left,top,right,bottom",0.46578
46,5_dom_dvor,11.webp,True,146,149,0,0,0,0,"left,top,right,bottom",0.55948
46,5_dom_dvor,2.webp,True,424,472,0,0,0,0,"left,top,right,bottom",0.39396
46,5_dom_dvor,22.webp,True,146,149,0,0,0,0,"left,top,right,bottom",0.55948
46,5_dom_dvor,3.webp,True,472,424,0,0,0,0,"left,top,right,bottom",0.47304
46,5_dom_dvor,33.webp,True,146,149,0,0,0,0,"left,top,right,bottom",0.55948
46,5_dom_dvor,4.webp,True,446,472,0,0,0,0,"left,top,right,bottom",0.51593
46,5_dom_dvor,44.webp,True,146,149,0,0,0,0,"left,top,right,bottom",0.55948
46,5_dom_dvor,5.webp,True,449,472,0,0,0,0,"left,top,right,bottom",0.44686
46,5_dom_dvor,55.webp,True,146,149,0,0,0,0,"left,top,right,bottom",0.55948
47,5_dom_dvor,1.webp,True,472,336,0,0,0,0,"left,top,right,bottom",0.37690
47,5_dom_dvor,11.webp,True,146,149,0,0,0,0,"left,top,right,bottom",0.55948
47,5_dom_dvor,2.webp,True,446,472,0,0,0,0,"left,top,right,bottom",0.54044
47,5_dom_dvor,22.webp,True,146,149,0,0,0,0,"left,top,right,bottom",0.55948
47,5_dom_dvor,3.webp,True,472,320,0,0,0,0,"left,top,right,bottom",0.32574
47,5_dom_dvor,33.webp,True,146,149,0,0,0,0,"left,top,right,bottom",0.55948
47,5_dom_dvor,4.webp,True,446,472,0,0,0,0,"left,top,right,bottom",0.61837
47,5_dom_dvor,44.webp,True,146,149,0,0,0,0,"left,top,right,bottom",0.55948
47,5_dom_dvor,5.webp,True,405,472,0,0,0,0,"left,top,right,bottom",0.53063
47,5_dom_dvor,55.webp,True,146,149,0,0,0,0,"left,top,right,bottom",0.55948
48,5_dom_dvor,1.webp,True,306,472,0,0,0,0,"left,top,right,bottom",0.34746
48,5_dom_dvor,11.webp,True,146,149,0,0,0,0,"left,top,right,bottom",0.55948
48,5_dom_dvor,2.webp,True,414,472,0,0,0,0,"left,top,right,bottom",0.33376
48,5_dom_dvor,22.webp,True,146,149,0,0,0,0,"left,top,right,bottom",0.55948
48,5_dom_dvor,3.webp,True,313,472,0,0,0,0,"left,top,right,bottom",0.29957
48,5_dom_dvor,33.webp,True,146,149,0,0,0,0,"left,top,right,bottom",0.55948
48,5_dom_dvor,4.webp,True,451,472,0,0,0,0,"left,top,right,bottom",0.49762
48,5_dom_dvor,44.webp,True,146,149,0,0,0,0,"left,top,right,bottom",0.55948
48,5_dom_dvor,5.webp,True,440,472,0,0,0,0,"left,top,right,bottom",0.43388
48,5_dom_dvor,55.webp,True,146,149,0,0,0,0,"left,top,right,bottom",0.55948
49,5_dom_dvor,1.webp,True,428,472,0,0,0,0,"left,top,right,bottom",0.47692
49,5_dom_dvor,11.webp,True,146,149,0,0,0,0,"left,top,right,bottom",0.55948
49,5_dom_dvor,2.webp,True,442,472,0,0,0,0,"left,top,right,bottom",0.27895
49,5_dom_dvor,22.webp,True,146,149,0,0,0,0,"left,top,right,bottom",0.55948
49,5_dom_dvor,3.webp,True,311,472,0,0,0,0,"left,top,right,bottom",0.32009
49,5_dom_dvor,33.webp,True,146,149,0,0,0,0,"left,top,right,bottom",0.55948
49,5_dom_dvor,4.webp,True,389,472,0,0,0,0,"left,top,right,bottom",0.46671
49,5_dom_dvor,44.webp,True,146,149,0,0,0,0,"left,top,right,bottom",0.55948
49,5_dom_dvor,5.webp,True,314,472,0,0,0,0,"left,top,right,bottom",0.49511
49,5_dom_dvor,55.webp,True,146,149,0,0,0,0,"left,top,right,bottom",0.55948
50,5_dom_dvor,1.webp,True,350,480,0,0,0,0,"left,top,right,bottom",0.32863
50,5_dom_dvor,11.webp,True,146,149,0,0,0,0,"left,top,right,bottom",0.55948
50,5_dom_dvor,2.webp,True,480,262,0,0,0,0,"left,top,right,bottom",0.28839
50,5_dom_dvor,22.webp,True,146,149,0,0,0,0,"left,top,right,bottom",0.55948
50,5_dom_dvor,3.webp,True,480,390,0,0,0,0,"left,top,right,bottom",0.24650
50,5_dom_dvor,33.webp,True,146,149,0,0,0,0,"left,top,right,bottom",0.55948
50,5_dom_dvor,4.webp,True,356,480,0,0,0,0,"left,top,right,bottom",0.39445
50,5_dom_dvor,44.webp,True,146,149,0,0,0,0,"left,top,right,bottom",0.55948
50,5_dom_dvor,5.webp,True,289,480,0,0,0,0,"left,top,right,bottom",0.40397
50,5_dom_dvor,55.webp,True,146,149,0,0,0,0,"left,top,right,bottom",0.55948
51,5_dom_dvor,1.webp,True,472,480,0,0,0,0,"left,top,right,bottom",0.50382
51,5_dom_dvor,11.webp,True,146,149,0,0,0,0,"left,top,right,bottom",0.55948
51,5_dom_dvor,2.webp,True,448,321,0,0,0,0,"left,top,right,bottom",0.01256
51,5_dom_dvor,22.webp,True,146,149,0,0,0,0,"left,top,right,bottom",0.55948
51,5_dom_dvor,3.webp,True,479,324,0,0,0,0,"left,top,right,bottom",0.01283
51,5_dom_dvor,33.webp,True,146,149,0,0,0,0,"left,top,right,bottom",0.55948
51,5_dom_dvor,4.webp,True,478,439,0,0,0,0,"left,top,right,bottom",0.00699
51,5_dom_dvor,44.webp,True,146,149,0,0,0,0,"left,top,right,bottom",0.55948
51,5_dom_dvor,5.webp,True,480,442,0,0,0,0,"left,top,right,bottom",0.00577
51,5_dom_dvor,55.webp,True,146,149,0,0,0,0,"left,top,right,bottom",0.55948
52,5_dom_dvor,1.webp,True,480,439,0,0,0,0,"left,top,right,bottom",0.00532
52,5_dom_dvor,11.webp,True,146,149,0,0,0,0,"left,top,right,bottom",0.55948
52,5_dom_dvor,2.webp,True,327,449,0,0,0,0,"left,top,right,bottom",0.01210
52,5_dom_dvor,22.webp,True,146,149,0,0,0,0,"left,top,right,bottom",0.55948
52,5_dom_dvor,3.webp,True,470,326,0,0,0,0,"left,top,right,bottom",0.00875
52,5_dom_dvor,33.webp,True,146,149,0,0,0,0,"left,top,right,bottom",0.55948
52,5_dom_dvor,4.webp,True,464,435,0,0,0,0,"left,top,right,bottom",0.00819
52,5_dom_dvor,44.webp,True,146,149,0,0,0,0,"left,top,right,bottom",0.55948
52,5_dom_dvor,5.webp,True,479,319,0,0,0,0,"left,top,right,bottom",0.01090
52,5_dom_dvor,55.webp,True,146,149,0,0,0,0,"left,top,right,bottom",0.55948
53,5_dom_dvor,1.webp,True,475,320,0,0,0,0,"left,top,right,bottom",0.00838
53,5_dom_dvor,11.webp,True,146,149,0,0,0,0,"left,top,right,bottom",0.55948
53,5_dom_dvor,2.webp,True,320,480,0,0,0,0,"left,top,right,bottom",0.01299
53,5_dom_dvor,22.webp,True,146,149,0,0,0,0,"left,top,right,bottom",0.55948
53,5_dom_dvor,3.webp,True,329,480,0,0,0,0,"left,top,right,bottom",0.01437
53,5_dom_dvor,33.webp,True,146,149,0,0,0,0,"left,top,right,bottom",0.55948
53,5_dom_dvor,4.webp,True,316,480,0,0,0,0,"left,top,right,bottom",0.01032
53,5_dom_dvor,44.webp,True,146,149,0,0,0,0,"left,top,right,bottom",0.55948
53,5_dom_dvor,5.webp,True,439,480,0,0,0,0,"left,top,right,bottom",0.00953
53,5_dom_dvor,55.webp,True,146,149,0,0,0,0,"left,top,right,bottom",0.55948
54,5_dom_dvor,1.webp,True,480,318,0,0,0,0,"left,top,right,bottom",0.00983
54,5_dom_dvor,11.webp,True,146,149,0,0,0,0,"left,top,right,bottom",0.55948
54,5_dom_dvor,2.webp,True,323,474,0,0,0,0,"left,top,right,bottom",0.01007
54,5_dom_dvor,22.webp,True,146,149,0,0,0,0,"left,top,right,bottom",0.55948
54,5_dom_dvor,3.webp,True,480,316,0,0,0,0,"left,top,right,bottom",0.01288
54,5_dom_dvor,33.webp,True,146,149,0,0,0,0,"left,top,right,bottom",0.55948
54,5_dom_dvor,4.webp,True,471,323,0,0,0,0,"left,top,right,bottom",0.01221
54,5_dom_dvor,44.webp,True,146,149,0,0,0,0,"left,top,right,bottom",0.55948
54,5_dom_dvor,5.webp,True,480,317,0,0,0,0,"left,top,right,bottom",0.01230
54,5_dom_dvor,55.webp,True,146,149,0,0,0,0,"left,top,right,bottom",0.55948
55,5_dom_dvor,1.webp,True,480,444,0,0,0,0,"left,top,right,bottom",0.00287
55,5_dom_dvor,11.webp,True,146,149,0,0,0,0,"left,top,right,bottom",0.55948
55,5_dom_dvor,2.webp,True,480,436,0,0,0,0,"left,top,right,bottom",0.53028
55,5_dom_dvor,22.webp,True,146,149,0,0,0,0,"left,top,right,bottom",0.55948
55,5_dom_dvor,3.webp,True,480,402,0,0,0,0,"left,top,right,bottom",0.51819
55,5_dom_dvor,33.webp,True,146,149,0,0,0,0,"left,top,right,bottom",0.55948
55,5_dom_dvor,4.webp,True,480,424,0,0,0,0,"left,top,right,bottom",0.46786
55,5_dom_dvor,44.webp,True,146,149,0,0,0,0,"left,top,right,bottom",0.55948
55,5_dom_dvor,5.webp,True,480,442,0,0,0,0,"left,top,right,bottom",0.53855
55,5_dom_dvor,55.webp,True,146,149,0,0,0,0,"left,top,right,bottom",0.55948
56,5_dom_dvor,1.webp,True,480,285,0,0,0,0,"left,top,right,bottom",0.53526
56,5_dom_dvor,11.webp,True,146,149,0,0,0,0,"left,top,right,bottom",0.55948
56,5_dom_dvor,2.webp,True,480,333,0,0,0,0,"left,top,right,bottom",0.44824
56,5_dom_dvor,22.webp,True,146,149,0,0,0,0,"left,top,right,bottom",0.55948
56,5_dom_dvor,3.webp,True,303,480,0,0,0,0,"left,top,right,bottom",0.35790
56,5_dom_dvor,33.webp,True,146,149,0,0,0,0,"left,top,right,bottom",0.55948
56,5_dom_dvor,4.webp,True,480,317,0,0,0,0,"left,top,right,bottom",0.47233
56,5_dom_dvor,44.webp,True,146,149,0,0,0,0,"left,top,right,bottom",0.55948
56,5_dom_dvor,5.webp,True,417,473,0,0,0,0,"left,top,right,bottom",0.00701
56,5_dom_dvor,55.webp,True,146,149,0,0,0,0,"left,top,right,bottom",0.55948
57,5_dom_dvor,1.webp,True,480,328,0,0,0,0,"left,top,right,bottom",0.42659
57,5_dom_dvor,11.webp,True,146,149,0,0,0,0,"left,top,right,bottom",0.55948
57,5_dom_dvor,2.webp,True,310,480,0,0,0,0,"left,top,right,bottom",0.24894
57,5_dom_dvor,22.webp,True,146,149,0,0,0,0,"left,top,right,bottom",0.55948
57,5_dom_dvor,3.webp,True,480,454,0,0,0,0,"left,top,right,bottom",0.48648
57,5_dom_dvor,33.webp,True,146,149,0,0,0,0,"left,top,right,bottom",0.55948
57,5_dom_dvor,4.webp,True,311,480,0,0,0,0,"left,top,right,bottom",0.52736
57,5_dom_dvor,44.webp,True,146,149,0,0,0,0,"left,top,right,bottom",0.55948
57,5_dom_dvor,5.webp,True,429,480,0,0,0,0,"left,top,right,bottom",0.49134
57,5_dom_dvor,55.webp,True,146,149,0,0,0,0,"left,top,right,bottom",0.55948
58,5_dom_dvor,1.webp,True,434,471,0,0,0,0,"left,top,right,bottom",0.00419
58,5_dom_dvor,11.webp,True,146,149,0,0,0,0,"left,top,right,bottom",0.55948
58,5_dom_dvor,2.webp,True,462,480,0,0,0,0,"left,top,right,bottom",0.00407
58,5_dom_dvor,22.webp,True,146,149,0,0,0,0,"left,top,right,bottom",0.55948
58,5_dom_dvor,3.webp,True,453,470,0,0,0,0,"left,top,right,bottom",0.00673
58,5_dom_dvor,33.webp,True,146,149,0,0,0,0,"left,top,right,bottom",0.55948
58,5_dom_dvor,4.webp,True,466,480,0,0,0,0,"left,top,right,bottom",0.00385
58,5_dom_dvor,44.webp,True,146,149,0,0,0,0,"left,top,right,bottom",0.55948
58,5_dom_dvor,5.webp,True,450,472,0,0,0,0,"left,top,right,bottom",0.00530
58,5_dom_dvor,55.webp,True,146,149,0,0,0,0,"left,top,right,bottom",0.55948
59,5_dom_dvor,1.webp,True,444,476,0,0,0,0,"left,top,right,bottom",0.00745
59,5_dom_dvor,11.webp,True,146,149,0,0,0,0,"left,top,right,bottom",0.55948
59,5_dom_dvor,2.webp,True,458,480,0,0,0,0,"left,top,right,bottom",0.50623
59,5_dom_dvor,22.webp,True,146,149,0,0,0,0,"left,top,right,bottom",0.55948
59,5_dom_dvor,3.webp,True,480,449,0,0,0,0,"left,top,right,bottom",0.49678
59,5_dom_dvor,33.webp,True,146,149,0,0,0,0,"left,top,right,bottom",0.55948
59,5_dom_dvor,4.webp,True,450,480,0,0,0,0,"left,top,right,bottom",0.00780
59,5_dom_dvor,44.webp,True,146,149,0,0,0,0,"left,top,right,bottom",0.55948
59,5_dom_dvor,5.webp,True,462,480,0,0,0,0,"left,top,right,bottom",0.00615
59,5_dom_dvor,55.webp,True,146,149,0,0,0,0,"left,top,right,bottom",0.55948
60,5_dom_dvor,1.webp,True,448,480,0,0,0,0,"left,top,right,bottom",0.56587
60,5_dom_dvor,11.webp,True,146,149,2,1,2,2,top,0.55948
60,5_dom_dvor,2.webp,True,466,480,0,0,0,0,"left,top,right,bottom",0.48951
60,5_dom_dvor,22.webp,True,146,149,2,1,2,2,top,0.55948
60,5_dom_dvor,3.webp,True,439,480,0,0,0,0,"left,top,right,bottom",0.58513
60,5_dom_dvor,33.webp,True,146,149,2,1,2,2,top,0.55948
60,5_dom_dvor,4.webp,True,439,480,0,0,0,0,"left,top,right,bottom",0.64615
60,5_dom_dvor,44.webp,True,146,149,2,1,2,2,top,0.55948
60,5_dom_dvor,5.webp,True,464,480,0,0,0,0,"left,top,right,bottom",0.55352
60,5_dom_dvor,55.webp,True,146,149,2,1,2,2,top,0.55948
61,5_dom_dvor,1.webp,True,320,480,0,0,0,0,"left,top,right,bottom",0.18213
61,5_dom_dvor,11.webp,True,146,149,0,0,0,0,"left,top,right,bottom",0.55948
61,5_dom_dvor,2.webp,True,428,480,0,0,0,0,"left,top,right,bottom",0.30615
61,5_dom_dvor,22.webp,True,146,149,0,0,0,0,"left,top,right,bottom",0.55948
61,5_dom_dvor,3.webp,True,480,480,0,0,0,0,"left,top,right,bottom",0.36412
61,5_dom_dvor,33.webp,True,146,149,0,0,0,0,"left,top,right,bottom",0.55948
61,5_dom_dvor,4.webp,True,416,480,0,0,0,0,"left,top,right,bottom",0.46965
61,5_dom_dvor,44.webp,True,146,149,0,0,0,0,"left,top,right,bottom",0.55990
61,5_dom_dvor,5.webp,True,480,320,0,0,0,0,"left,top,right,bottom",0.53779
61,5_dom_dvor,55.webp,True,146,149,0,0,0,0,"left,top,right,bottom",0.55948
62,5_dom_dvor,1.webp,True,466,480,0,0,0,0,"left,top,right,bottom",0.39888
62,5_dom_dvor,11.webp,True,146,149,0,0,0,0,"left,top,right,bottom",0.56045
62,5_dom_dvor,2.webp,True,437,480,0,0,0,0,"left,top,right,bottom",0.33974
62,5_dom_dvor,22.webp,True,146,149,0,0,0,0,"left,top,right,bottom",0.55948
62,5_dom_dvor,3.webp,True,403,480,0,0,0,0,"left,top,right,bottom",0.37872
62,5_dom_dvor,33.webp,True,146,149,0,0,0,0,"left,top,right,bottom",0.55953
62,5_dom_dvor,4.webp,True,320,480,0,0,0,0,"left,top,right,bottom",0.40185
62,5_dom_dvor,44.webp,True,146,149,0,0,0,0,"left,top,right,bottom",0.55948
62,5_dom_dvor,5.webp,True,480,320,0,0,0,0,"left,top,right,bottom",0.48126
62,5_dom_dvor,55.webp,True,146,149,0,0,0,0,"left,top,right,bottom",0.55948
63,5_dom_dvor,1.webp,True,320,480,0,0,0,0,"left,top,right,bottom",0.33850
63,5_dom_dvor,11.webp,True,146,149,0,0,0,0,"left,top,right,bottom",0.55948
63,5_dom_dvor,2.webp,True,320,480,0,0,0,0,"left,top,right,bottom",0.36520
63,5_dom_dvor,22.webp,True,146,149,0,0,0,0,"left,top,right,bottom",0.55948
63,5_dom_dvor,3.webp,True,449,480,0,0,0,0,"left,top,right,bottom",0.46052
63,5_dom_dvor,33.webp,True,146,149,0,0,0,0,"left,top,right,bottom",0.55958
63,5_dom_dvor,4.webp,True,431,480,0,0,0,0,"left,top,right,bottom",0.41587
63,5_dom_dvor,44.webp,True,146,149,0,0,0,0,"left,top,right,bottom",0.56003
63,5_dom_dvor,5.webp,True,445,480,0,0,0,0,"left,top,right,bottom",0.35631
63,5_dom_dvor,55.webp,True,146,149,0,0,0,0,"left,top,right,bottom",0.55948
64,5_dom_dvor,1.webp,True,320,480,0,0,0,0,"left,top,right,bottom",0.48270
64,5_dom_dvor,11.webp,True,146,149,0,0,0,0,"left,top,right,bottom",0.55948
64,5_dom_dvor,2.webp,True,320,480,0,0,0,0,"left,top,right,bottom",0.51976
64,5_dom_dvor,22.webp,True,146,149,0,0,0,0,"left,top,right,bottom",0.55948
64,5_dom_dvor,3.webp,True,320,480,0,0,0,0,"left,top,right,bottom",0.45067
64,5_dom_dvor,33.webp,True,146,149,0,0,0,0,"left,top,right,bottom",0.55948
64,5_dom_dvor,4.webp,True,320,480,0,0,0,0,"left,top,right,bottom",0.45660
64,5_dom_dvor,44.webp,True,146,149,0,0,0,0,"left,top,right,bottom",0.55948
64,5_dom_dvor,5.webp,True,320,480,0,0,0,0,"left,top,right,bottom",0.52716
64,5_dom_dvor,55.webp,True,146,149,0,0,0,0,"left,top,right,bottom",0.55953
65,5_dom_dvor,1.webp,True,397,480,0,0,0,0,"left,top,right,bottom",0.42321
65,5_dom_dvor,11.webp,True,146,149,0,0,0,0,"left,top,right,bottom",0.55948
65,5_dom_dvor,2.webp,True,403,480,1,1,1,0,"left,top,right,bottom",0.45657
65,5_dom_dvor,22.webp,True,146,149,0,0,0,0,"left,top,right,bottom",0.55953
65,5_dom_dvor,3.webp,True,379,480,0,0,1,0,"left,top,right,bottom",0.39294
65,5_dom_dvor,33.webp,True,146,149,0,0,0,0,"left,top,right,bottom",0.55994
65,5_dom_dvor,4.webp,True,463,480,0,1,1,1,"left,top,right,bottom",0.44266
65,5_dom_dvor,44.webp,True,146,149,0,0,0,0,"left,top,right,bottom",0.56141
65,5_dom_dvor,5.webp,True,344,480,0,0,0,0,"left,top,right,bottom",0.46846
65,5_dom_dvor,55.webp,True,146,149,0,0,0,0,"left,top,right,bottom",0.56068
66,6_zasech_les,1.webp,True,532,532,41,16,41,16,,0.27636
66,6_zasech_les,11.webp,True,146,149,0,0,0,0,"left,top,right,bottom",0.55953
66,6_zasech_les,2.webp,True,327,480,0,3,0,0,"left,right,bottom",0.40660
66,6_zasech_les,22.webp,True,146,149,0,0,0,0,"left,top,right,bottom",0.55953
66,6_zasech_les,3.webp,True,532,532,30,16,30,16,,0.33068
66,6_zasech_les,33.webp,True,146,149,0,0,0,0,"left,top,right,bottom",0.55953
66,6_zasech_les,4.webp,True,419,480,0,3,0,0,"left,right,bottom",0.43384
66,6_zasech_les,44.webp,True,146,149,0,0,0,0,"left,top,right,bottom",0.55953
66,6_zasech_les,5.webp,True,532,532,16,28,16,29,,0.34684
66,6_zasech_les,55.webp,True,146,149,0,0,0,0,"left,top,right,bottom",0.55953
67,6_zasech_les,1.webp,True,532,532,16,43,16,43,,0.35620
67,6_zasech_les,11.webp,True,146,149,0,0,0,0,"left,top,right,bottom",0.55953
67,6_zasech_les,2.webp,True,532,532,21,16,22,16,,0.39233
67,6_zasech_les,22.webp,True,146,149,0,0,0,0,"left,top,right,bottom",0.55953
67,6_zasech_les,3.webp,True,532,532,19,16,20,16,,0.29278
67,6_zasech_les,33.webp,True,146,149,0,0,0,0,"left,top,right,bottom",0.55953
67,6_zasech_les,4.webp,True,395,480,0,4,0,0,"left,right,bottom",0.38336
67,6_zasech_les,44.webp,True,146,149,0,0,0,0,"left,top,right,bottom",0.55953
67,6_zasech_les,5.webp,True,532,532,16,37,16,38,,0.37184
67,6_zasech_les,55.webp,True,146,149,0,0,0,0,"left,top,right,bottom",0.55953
68,6_zasech_les,1.webp,True,532,532,16,41,16,42,,0.33667
68,6_zasech_les,11.webp,True,146,149,0,0,0,0,"left,top,right,bottom",0.55953
68,6_zasech_les,2.webp,True,532,532,91,16,92,16,,0.33773
68,6_zasech_les,22.webp,True,146,149,0,0,0,0,"left,top,right,bottom",0.55953
68,6_zasech_les,3.webp,True,452,480,0,3,0,0,"left,right,bottom",0.31406
68,6_zasech_les,33.webp,True,146,149,0,0,0,0,"left,top,right,bottom",0.55953
68,6_zasech_les,4.webp,True,532,532,56,16,57,16,,0.26337
68,6_zasech_les,44.webp,True,146,149,0,0,0,0,"left,top,right,bottom",0.55953
68,6_zasech_les,5.webp,True,532,532,53,16,54,16,,0.33909
68,6_zasech_les,55.webp,True,146,149,0,0,0,0,"left,top,right,bottom",0.55953
69,6_zasech_les,1.webp,True,480,410,0,4,0,0,"left,right,bottom",0.40931
69,6_zasech_les,11.webp,True,146,149,0,0,0,0,"left,top,right,bottom",0.55953
69,6_zasech_les,2.webp,True,414,480,0,4,0,0,"left,right,bottom",0.36153
69,6_zasech_les,22.webp,True,146,149,0,0,0,0,"left,top,right,bottom",0.55953
69,6_zasech_les,3.webp,True,355,480,0,4,0,0,"left,right,bottom",0.44821
69,6_zasech_les,33.webp,True,146,149,0,0,0,0,"left,top,right,bottom",0.55953
69,6_zasech_les,4.webp,True,532,532,32,16,33,16,,0.24429
69,6_zasech_les,44.webp,True,146,149,0,0,0,0,"left,top,right,bottom",0.55953
69,6_zasech_les,5.webp,True,532,532,54,16,54,16,,0.28501
69,6_zasech_les,55.webp,True,146,149,0,0,0,0,"left,top,right,bottom",0.55953
70,6_zasech_les,1.webp,True,457,480,3,3,3,3,,0.00875
70,6_zasech_les,11.webp,True,146,149,0,0,0,0,"left,top,right,bottom",0.55953
70,6_zasech_les,2.webp,True,451,480,2,3,2,3,,0.48085
70,6_zasech_les,22.webp,True,146,149,0,0,0,0,"left,top,right,bottom",0.55953
70,6_zasech_les,3.webp,True,454,480,3,3,3,2,,0.43574
70,6_zasech_les,33.webp,True,146,149,0,0,0,0,"left,top,right,bottom",0.55953
70,6_zasech_les,4.webp,True,436,480,3,3,3,3,,0.45610
70,6_zasech_les,44.webp,True,146,149,0,0,0,0,"left,top,right,bottom",0.55953
70,6_zasech_les,5.webp,True,446,480,3,3,3,3,,0.53307
70,6_zasech_les,55.webp,True,146,149,0,0,0,0,"left,top,right,bottom",0.55953
71,6_zasech_les,1.webp,True,474,480,3,3,3,3,,0.48470
71,6_zasech_les,11.webp,True,146,149,0,0,0,0,"left,top,right,bottom",0.55953
71,6_zasech_les,2.webp,True,480,325,3,3,3,3,,0.62952
71,6_zasech_les,22.webp,True,146,149,0,0,0,0,"left,top,right,bottom",0.55953
71,6_zasech_les,3.webp,True,480,322,3,3,0,3,right,0.38855
71,6_zasech_les,33.webp,True,146,149,0,0,0,0,"left,top,right,bottom",0.55953
71,6_zasech_les,4.webp,True,480,407,3,3,3,3,,0.49398
71,6_zasech_les,44.webp,True,146,149,0,0,0,0,"left,top,right,bottom",0.55953
71,6_zasech_les,5.webp,True,480,428,2,2,2,3,,0.00864
71,6_zasech_les,55.webp,True,146,149,0,0,0,0,"left,top,right,bottom",0.55953
72,6_zasech_les,1.webp,True,480,439,3,3,3,3,,0.01012
72,6_zasech_les,11.webp,True,146,149,0,0,0,0,"left,top,right,bottom",0.55953
72,6_zasech_les,2.webp,True,480,316,2,2,2,2,,0.27123
72,6_zasech_les,22.webp,True,146,149,0,0,0,0,"left,top,right,bottom",0.55953
72,6_zasech_les,3.webp,True,480,393,3,3,3,3,,0.49399
72,6_zasech_les,33.webp,True,146,149,0,0,0,0,"left,top,right,bottom",0.55953
72,6_zasech_les,4.webp,True,532,532,37,16,37,16,,0.31855
72,6_zasech_les,44.webp,True,146,149,0,0,0,0,"left,top,right,bottom",0.55953
72,6_zasech_les,5.webp,True,448,480,3,3,3,3,,0.46496
72,6_zasech_les,55.webp,True,146,149,0,0,0,0,"left,top,right,bottom",0.55953
73,6_zasech_les,1.webp,True,427,480,3,3,3,3,,0.00859
73,6_zasech_les,11.webp,True,146,149,0,0,0,0,"left,top,right,bottom",0.55953
73,6_zasech_les,2.webp,True,321,480,2,2,2,2,,0.20618
73,6_zasech_les,22.webp,True,146,149,0,0,0,0,"left,top,right,bottom",0.55953
73,6_zasech_les,3.webp,True,480,333,2,2,2,2,,0.37281
73,6_zasech_les,33.webp,True,146,149,0,0,0,0,"left,top,right,bottom",0.55953
73,6_zasech_les,4.webp,True,532,532,16,17,16,18,,0.37667
73,6_zasech_les,44.webp,True,146,149,0,0,0,0,"left,top,right,bottom",0.55953
73,6_zasech_les,5.webp,True,532,532,16,21,16,21,,0.35083
73,6_zasech_les,55.webp,True,146,149,0,0,0,0,"left,top,right,bottom",0.55953
74,6_zasech_les,1.webp,True,532,532,39,16,40,16,,0.30849
74,6_zasech_les,11.webp,True,146,149,0,0,0,0,"left,top,right,bottom",0.55953
74,6_zasech_les,2.webp,True,532,532,36,16,37,16,,0.35585
74,6_zasech_les,22.webp,True,146,149,0,0,0,0,"left,top,right,bottom",0.55953
74,6_zasech_les,3.webp,True,480,340,3,3,3,3,,0.34747
74,6_zasech_les,33.webp,True,146,149,0,0,0,0,"left,top,right,bottom",0.55953
74,6_zasech_les,4.webp,True,480,438,3,3,3,2,,0.00664
74,6_zasech_les,44.webp,True,146,149,0,0,0,0,"left,top,right,bottom",0.55953
74,6_zasech_les,5.webp,True,480,440,3,3,2,3,,0.00813
74,6_zasech_les,55.webp,True,146,149,0,0,0,0,"left,top,right,bottom",0.55953
75,6_zasech_les,1.webp,True,453,488,4,4,4,4,,0.59060
75,6_zasech_les,11.webp,True,146,149,0,0,0,0,"left,top,right,bottom",0.55953
75,6_zasech_les,2.webp,True,453,488,4,4,4,4,,0.63795
75,6_zasech_les,22.webp,True,146,149,0,0,0,0,"left,top,right,bottom",0.55953
75,6_zasech_les,3.webp,True,453,488,4,4,4,4,,0.63842
75,6_zasech_les,33.webp,True,146,149,0,0,0,0,"left,top,right,bottom",0.55953
75,6_zasech_les,4.webp,True,480,480,57,56,64,74,,0.31750
75,6_zasech_les,44.webp,True,146,149,0,0,0,0,"left,top,right,bottom",0.55953
75,6_zasech_les,5.webp,True,480,480,66,40,63,76,,0.32997
75,6_zasech_les,55.webp,True,146,149,0,0,0,0,"left,top,right,bottom",0.55953
76,6_zasech_les,1.webp,True,532,532,24,16,25,16,,0.37799
76,6_zasech_les,11.webp,True,146,149,0,0,0,0,"left,top,right,bottom",0.55953
76,6_zasech_les,2.webp,True,532,532,52,16,53,16,,0.35719
76,6_zasech_les,22.webp,True,146,149,0,0,0,0,"left,top,right,bottom",0.55953
76,6_zasech_les,3.webp,True,532,532,16,37,16,37,,0.33304
76,6_zasech_les,33.webp,True,146,149,0,0,0,0,"left,top,right,bottom",0.55953
76,6_zasech_les,4.webp,True,532,532,68,16,69,16,,0.31125
76,6_zasech_les,44.webp,True,146,149,0,0,0,0,"left,top,right,bottom",0.55953
76,6_zasech_les,5.webp,True,532,532,38,16,39,16,,0.42293
76,6_zasech_les,55.webp,True,146,149,0,0,0,0,"left,top,right,bottom",0.55953
77,6_zasech_les,1.webp,True,532,532,16,22,16,22,,0.28472
77,6_zasech_les,11.webp,True,146,149,0,0,0,0,"left,top,right,bottom",0.55953
77,6_zasech_les,2.webp,True,532,532,19,16,20,16,,0.38474
77,6_zasech_les,22.webp,True,146,149,0,0,0,0,"left,top,right,bottom",0.55953
77,6_zasech_les,3.webp,True,532,532,16,16,16,17,,0.36486
77,6_zasech_les,33.webp,True,146,149,0,0,0,0,"left,top,right,bottom",0.55953
77,6_zasech_les,4.webp,True,532,532,16,45,16,45,,0.32299
77,6_zasech_les,44.webp,True,146,149,0,0,0,0,"left,top,right,bottom",0.55953
77,6_zasech_les,5.webp,True,532,532,16,29,16,30,,0.43390
77,6_zasech_les,55.webp,True,146,149,0,0,0,0,"left,top,right,bottom",0.55953
78,6_zasech_les,1.webp,True,532,532,21,16,21,16,,0.36492
78,6_zasech_les,11.webp,True,146,149,0,0,0,0,"left,top,right,bottom",0.55953
78,6_zasech_les,2.webp,True,532,532,23,16,23,16,,0.35080
78,6_zasech_les,22.webp,True,146,149,0,0,0,0,"left,top,right,bottom",0.55953
78,6_zasech_les,3.webp,True,532,532,16,35,16,35,,0.34413
78,6_zasech_les,33.webp,True,146,149,0,0,0,0,"left,top,right,bottom",0.55953
78,6_zasech_les,4.webp,True,532,532,49,16,49,16,,0.25741
78,6_zasech_les,44.webp,True,146,149,0,0,0,0,"left,top,right,bottom",0.55953
78,6_zasech_les,5.webp,True,532,532,16,20,16,20,,0.38729
78,6_zasech_les,55.webp,True,146,149,0,0,0,0,"left,top,right,bottom",0.55953
79,6_zasech_les,1.webp,True,532,532,16,28,16,29,,0.37996
79,6_zasech_les,11.webp,True,146,149,0,0,0,0,"left,top,right,bottom",0.55953
79,6_zasech_les,2.webp,True,532,532,16,20,16,20,,0.33283
79,6_zasech_les,22.webp,True,146,149,0,0,0,0,"left,top,right,bottom",0.55953
79,6_zasech_les,3.webp,True,532,532,24,16,25,16,,0.40126
79,6_zasech_les,33.webp,True,146,149,0,0,0,0,"left,top,right,bottom",0.55953
79,6_zasech_les,4.webp,True,532,532,16,87,16,87,,0.28771
79,6_zasech_les,44.webp,True,146,149,0,0,0,0,"left,top,right,bottom",0.55953
79,6_zasech_les,5.webp,True,532,532,16,47,16,47,,0.33580
79,6_zasech_les,55.webp,True,146,149,0,0,0,0,"left,top,right,bottom",0.55953
80,6_zasech_les,1.webp,True,532,532,16,50,16,51,,0.48138
80,6_zasech_les,11.webp,True,146,149,0,0,0,0,"left,top,right,bottom",0.55953
80,6_zasech_les,2.webp,True,532,532,16,77,16,77,,0.26957
80,6_zasech_les,22.webp,True,146,149,0,0,0,0,"left,top,right,bottom",0.55953
80,6_zasech_les,3.webp,True,532,532,29,16,29,16,,0.19658
80,6_zasech_les,33.webp,True,146,149,0,0,0,0,"left,top,right,bottom",0.55953
80,6_zasech_les,4.webp,True,532,532,16,53,16,54,,0.34411
80,6_zasech_les,44.webp,True,146,149,0,0,0,0,"left,top,right,bottom",0.55953
80,6_zasech_les,5.webp,True,532,532,16,31,16,32,,0.42713
80,6_zasech_les,55.webp,True,146,149,0,0,0,0,"left,top,right,bottom",0.55953
81,6_zasech_les,1.webp,True,532,532,41,16,42,16,,0.00780
81,6_zasech_les,11.webp,True,146,149,0,0,0,0,"left,top,right,bottom",0.55953
81,6_zasech_les,2.webp,True,532,532,36,16,37,16,,0.33207
81,6_zasech_les,22.webp,True,146,149,0,0,0,0,"left,top,right,bottom",0.55953
81,6_zasech_les,3.webp,True,532,532,58,16,58,16,,0.30449
81,6_zasech_les,33.webp,True,146,149,0,0,0,0,"left,top,right,bottom",0.55953
81,6_zasech_les,4.webp,True,532,532,30,16,31,16,,0.30870
81,6_zasech_les,44.webp,True,146,149,0,0,0,0,"left,top,right,bottom",0.55953
81,6_zasech_les,5.webp,True,532,532,32,16,32,16,,0.00746
81,6_zasech_les,55.webp,True,146,149,0,0,0,0,"left,top,right,bottom",0.55953
82,6_zasech_les,1.webp,True,532,532,48,16,49,16,,0.25907
82,6_zasech_les,11.webp,True,146,149,0,0,0,0,"left,top,right,bottom",0.55953
82,6_zasech_les,2.webp,True,532,532,33,16,34,16,,0.31654
82,6_zasech_les,22.webp,True,146,149,0,0,0,0,"left,top,right,bottom",0.55953
82,6_zasech_les,3.webp,True,532,532,67,16,67,16,,0.22242
82,6_zasech_les,33.webp,True,146,149,0,0,0,0,"left,top,right,bottom",0.55953
82,6_zasech_les,4.webp,True,532,532,34,16,34,16,,0.34973
82,6_zasech_les,44.webp,True,146,149,0,0,0,0,"left,top,right,bottom",0.55953
82,6_zasech_les,5.webp,True,532,532,102,16,102,16,,0.22900
82,6_zasech_les,55.webp,True,146,149,0,0,0,0,"left,top,right,bottom",0.55953
83,6_zasech_les,1.webp,True,532,532,25,16,25,16,,0.36532
83,6_zasech_les,11.webp,True,146,149,0,0,0,0,"left,top,right,bottom",0.55953
83,6_zasech_les,2.webp,True,532,532,50,16,50,16,,0.17680
83,6_zasech_les,22.webp,True,146,149,0,0,0,0,"left,top,right,bottom",0.55953
83,6_zasech_les,3.webp,True,532,532,44,16,45,16,,0.28343
83,6_zasech_les,33.webp,True,146,149,0,0,0,0,"left,top,right,bottom",0.55953
83,6_zasech_les,4.webp,True,532,532,29,16,29,16,,0.35608
83,6_zasech_les,44.webp,True,146,149,0,0,0,0,"left,top,right,bottom",0.55953
83,6_zasech_les,5.webp,True,532,532,69,16,69,16,,0.26823
83,6_zasech_les,55.webp,True,146,149,0,0,0,0,"left,top,right,bottom",0.55953
84,6_zasech_les,1.webp,True,532,532,112,16,112,16,,0.18118
84,6_zasech_les,11.webp,True,146,149,0,0,0,0,"left,top,right,bottom",0.55953
84,6_zasech_les,2.webp,True,532,532,62,16,63,16,,0.22974
84,6_zasech_les,22.webp,True,146,149,0,0,0,0,"left,top,right,bottom",0.55953
84,6_zasech_les,3.webp,True,532,532,16,23,16,23,,0.31238
84,6_zasech_les,33.webp,True,146,149,0,0,0,0,"left,top,right,bottom",0.55953
84,6_zasech_les,4.webp,True,532,532,104,16,104,16,,0.25819
84,6_zasech_les,44.webp,True,146,149,0,0,0,0,"left,top,right,bottom",0.55953
84,6_zasech_les,5.webp,True,532,532,39,16,40,16,,0.00776
84,6_zasech_les,55.webp,True,146,149,0,0,0,0,"left,top,right,bottom",0.55953
